score
268.077878842
268.077878842
76.3115153685
76.3115153685
76.3115153685
76.3115153685
51.5744706878
51.5744706878
51.5744706878
51.5744706878
51.5744706878
51.5744706878
51.5744706878
51.5744706878
51.5744706878
51.5744706878
51.5744706878
51.5744706878
51.5744706878
51.5744706878
51.5744706878
51.5744706878
51.5744706878
51.5744706878
51.5744706878
51.5744706878
51.5744706878
51.5744706878
51.5744706878
51.5744706878
51.5744706878
51.5744706878
51.5744706878
51.5744706878
51.5744706878
51.5744706878
51.5744706878
51.5744706878
51.5744706878
51.5744706878
51.5744706878
51.5744706878
51.5744706878
51.5744706878
51.5744706878
51.5744706878
51.5744706878
51.5744706878
51.5744706878
51.5744706878
51.5744706878
51.5744706878
51.5744706878
51.5744706878
51.5744706878
51.5744706878
51.5744706878
51.5744706878
51.5744706878
51.5744706878
48.8336317948
48.8336317948
48.8336317948
48.8336317948
48.8336317948
48.8336317948
48.8336317948
48.8336317948
45.9274728114
45.9274728114
45.9274728114
45.9274728114
45.9274728114
45.9274728114
45.9274728114
45.9274728114
45.9274728114
45.9274728114
45.9274728114
45.9274728114
45.9274728114
45.9274728114
45.9274728114
45.9274728114
45.9274728114
45.9274728114
45.9274728114
45.9274728114
45.9274728114
45.9274728114
45.9274728114
45.9274728114
45.9274728114
45.9274728114
45.9274728114
45.9274728114
45.9274728114
45.9274728114
45.9274728114
45.9274728114
45.9274728114
45.9274728114
45.9274728114
45.9274728114
45.9274728114
45.9274728114
45.9274728114
45.9274728114
45.9274728114
45.9274728114
45.9274728114
45.9274728114
45.9274728114
45.9274728114
45.9274728114
45.9274728114
45.9274728114
45.9274728114
45.9274728114
45.9274728114
45.9274728114
45.9274728114
45.9274728114
45.9274728114
45.9274728114
45.9274728114
45.9274728114
45.9274728114
45.9274728114
45.9274728114
45.9274728114
45.9274728114
45.9274728114
45.9274728114
45.9274728114
45.9274728114
45.9274728114
45.9274728114
45.9274728114
45.9274728114
45.9274728114
45.9274728114
45.9274728114
45.9274728114
45.9274728114
45.9274728114
45.9274728114
45.9274728114
45.9274728114
45.9274728114
45.9274728114
45.9274728114
45.9274728114
45.9274728114
45.9274728114
45.9274728114
45.9274728114
45.9274728114
45.9274728114
45.9274728114
45.9274728114
45.9274728114
45.9274728114
45.9274728114
45.9274728114
45.9274728114
45.9274728114
45.9274728114
45.9274728114
45.9274728114
45.9274728114
45.9274728114
45.9274728114
45.9274728114
45.9274728114
45.9274728114
41.1684421207
41.1684421207
41.1684421207
41.1684421207
41.1684421207
41.1684421207
41.1684421207
41.1684421207
41.1684421207
41.1684421207
41.1684421207
41.1684421207
41.1684421207
41.1684421207
41.1684421207
41.1684421207
41.1684421207
41.1684421207
41.1684421207
41.1684421207
41.1684421207
41.1684421207
41.1684421207
41.1684421207
